0.000000
0.009930
0.035016
0.073188
0.123480
0.185267
0.258086
0.341575
0.435437
0.539424
0.653319
0.776936
0.910105
1.052677
1.204517
1.365499
1.535510
1.714445
1.902205
2.098700
2.303843
2.517554
2.739758
2.970383
3.209362
3.456630
3.712125
3.975789
4.247566
4.527403
4.815249
5.111054
5.414770
5.726354
6.045759
6.372945
6.707870
7.050495
7.400781
7.758691
8.124190
8.497243
8.877815
9.265874
9.661388
10.064325
10.474656
10.892352
11.317382
11.749720
12.189337
12.636208
13.090306
13.551606
14.020082
14.495711
14.978469
15.468331
15.965276
16.469282
16.980325
17.498385
18.023441
18.555472
19.094457
19.640378
20.193213
20.752945
21.319554
21.893022
22.473330
23.060462
23.654398
24.255123
24.862618
25.476867
26.097854
26.725563
27.359977
28.001081
28.648860
29.303297
29.964379
30.632090
31.306415
31.987341
32.674853
33.368937
34.069579
34.776766
35.490484
36.210721
36.937462
37.670695
38.410408
39.156587
39.909220
40.668296
41.433801
42.205724
42.984053
43.768777
44.559883
45.357360
46.161198
46.971385
47.787909
48.610760
49.439928
50.275401
51.117169
51.965221
52.819548
53.680138
54.546983
55.420071
56.299393
57.184939
58.076699
58.974664
59.878825
60.789171
61.705694
62.628384
63.557232
64.492229
65.433367
66.380635
67.334026
68.293531
69.259140
70.230846
71.208640
72.192514
73.182459
74.178467
75.180529
76.188639
77.202787
78.222965
79.249166
80.281382
81.319606
82.363828
83.414042
84.470241
85.532416
86.600560
87.674666
88.754726
89.840734
90.932681
92.030561
93.134367
94.244091
95.359727
96.481267
97.608705
98.742034
99.881247
101.026337
102.177298
103.334122
104.496804
105.665337
106.839714
108.019929
109.205976
110.397847
111.595537
112.799040
114.008349
115.223458
116.444361
117.671052
118.903524
120.141772
121.385790
122.635572
123.891111
125.152403
126.419441
127.692219
128.970732
130.254974
131.544939
132.840622
134.142017
135.449118
136.761920
138.080418
139.404606
140.734478
142.070030
143.411255
144.758149
146.110706
147.468921
148.832789
150.202304
151.577462
152.958256
154.344683
155.736737
157.134412
158.537705
159.946609
161.361121
162.781234
164.206945
165.638248
167.075138
168.517611
169.965662
171.419285
172.878477
174.343233
175.813547
177.289415
178.770833
180.257796
181.750300
183.248339
184.751909
186.261006
187.775625
189.295762
190.821412
192.352571
193.889235
195.431398
196.979058
198.532209
200.090846
201.654967
203.224566
204.799640
206.380183
207.966193
209.557664
211.154593
212.756975
214.364806
215.978082
217.596800
219.220954
220.850542
222.485558
224.125999
225.771862
227.423141
229.079833
230.741935
232.409442
234.082350
235.760655
237.444354
239.133443
240.827918
242.527774
244.233010
245.943619
247.659600
249.380948
251.107659
252.839730
254.577157
256.319936
258.068064
259.821537
261.580351
263.344503
265.113989
266.888806
268.668951
270.454418
272.245206
274.041311
275.842728
277.649455
279.461488
281.278824
283.101459
284.929390
286.762613
288.601125
290.444923
292.294003
294.148362
296.007996
297.872903
299.743078
301.618520
303.499223
305.385186
307.276404
309.172875
311.074596
312.981562
314.893772
316.811221
318.733907
320.661826
322.594975
324.533352
326.476952
328.425773
330.379812
332.339066
334.303531
336.273205
338.248084
340.228165
342.213446
344.203923
346.199594
348.200454
350.206502
352.217735
354.234148
356.255740
358.282508
360.314448
362.351558
364.393834
366.441274
368.493876
370.551635
372.614549
374.682615
376.755831
378.834194
380.917700
383.006347
385.100133
387.199053
389.303107
391.412289
393.526599
395.646034
397.770589
399.900264
402.035054
404.174958
406.319972
408.470094
410.625321
412.785651
414.951080
417.121607
419.297228
421.477941
423.663743
425.854631
428.050604
430.251658
432.457790
434.668999
436.885281
439.106634
441.333056
443.564543
445.801094
448.042705
450.289374
452.541099
454.797878
457.059706
459.326583
461.598506
463.875471
466.157478
468.444522
470.736602
473.033715
475.335860
477.643032
479.955231
482.272452
484.594695
486.921957
489.254235
491.591526
493.933830
496.281142
498.633461
500.990784
503.353110
505.720434
508.092757
510.470074
512.852384
515.239684
517.631972
520.029245
522.431503
524.838741
527.250958
529.668151
532.090319
534.517458
536.949568
539.386644
541.828686
544.275691
546.727657
549.184581
551.646461
554.113295
556.585081
559.061817
561.543500
564.030129
566.521700
569.018212
571.519663
574.026051
576.537373
579.053627
581.574811
584.100924
586.631962
589.167923
591.708806
594.254609
596.805329
599.360964
601.921512
604.486971
607.057340
609.632615
612.212794
614.797877
617.387860
619.982742
622.582520
625.187193
627.796758
630.411213
633.030557
635.654787
638.283902
640.917899
643.556776
646.200531
648.849163
651.502669
654.161047
656.824295
659.492412
662.165395
664.843243
667.525953
670.213524
672.905953
675.603238
678.305378
681.012371
683.724215
686.440908
689.162447
691.888831
694.620059
697.356128
700.097035
702.842781
705.593362
708.348776
711.109022
713.874098
716.644002
719.418732
722.198286
724.982662
727.771860
730.565875
733.364708
736.168355
738.976816
741.790088
744.608169
747.431058
750.258753
753.091252
755.928553
758.770654
761.617554
764.469251
767.325743
770.187028
773.053105
775.923971
778.799625
781.680065
784.565289
787.455296
790.350084
793.249651
796.153996
799.063116
801.977009
804.895675
807.819111
810.747316
813.680288
816.618025
819.560525
822.507787
825.459809
828.416590
831.378127
834.344419
837.315464
840.291261
843.271808
846.257103
849.247144
852.241931
855.241460
858.245731
861.254742
864.268491
867.286977
870.310197
873.338151
876.370836
879.408251
882.450395
885.497265
888.548860
891.605179
894.666219
897.731980
900.802459
903.877655
906.957567
910.042192
913.131530
916.225578
919.324335
922.427799
925.535969
928.648844
931.766421
934.888699
938.015676
941.147351
944.283723
947.424790
950.570549
953.721001
956.876142
960.035972
963.200489
966.369692
969.543578
972.722147
975.905397
979.093326
982.285933
985.483216
988.685174
991.891805
995.103108
998.319082
1001.539723
1004.765033
1007.995007
1011.229647
1014.468948
1017.712911
1020.961534
1024.214815
1027.472753
1030.735346
1034.002593
1037.274493
1040.551043
1043.832243
1047.118090
1050.408584
1053.703723
1057.003506
1060.307931
1063.616997
1066.930701
1070.249044
1073.572023
1076.899637
1080.231884
1083.568764
1086.910274
1090.256413
1093.607180
1096.962573
1100.322592
1103.687233
1107.056497
1110.430382
1113.808886
1117.192008
1120.579746
1123.972100
1127.369067
1130.770646
1134.176837
1137.587636
1141.003045
1144.423059
1147.847680
1151.276904
1154.710731
1158.149159
1161.592187
1165.039814
1168.492037
1171.948857
1175.410271
1178.876278
1182.346877
1185.822066
1189.301845
1192.786211
1196.275163
1199.768701
1203.266822
1206.769525
1210.276810
1213.788674
1217.305117
1220.826137
1224.351732
1227.881902
1231.416645
1234.955959
1238.499844
1242.048299
1245.601321
1249.158909
1252.721063
1256.287781
1259.859062
1263.434904
1267.015305
1270.600266
1274.189784
1277.783858
1281.382488
1284.985671
1288.593406
1292.205692
1295.822528
1299.443913
1303.069845
1306.700322
1310.335345
1313.974911
1317.619019
1321.267668
1324.920857
1328.578585
1332.240849
1335.907649
1339.578985
1343.254853
1346.935254
1350.620186
1354.309647
1358.003637
1361.702154
1365.405197
1369.112765
1372.824857
1376.541471
1380.262606
1383.988261
1387.718435
1391.453126
1395.192333
1398.936055
1402.684292
1406.437041
1410.194301
1413.956071
1417.722351
1421.493138
1425.268432
1429.048232
1432.832535
1436.621342
1440.414650
1444.212460
1448.014768
1451.821575
1455.632879
1459.448679
1463.268974
1467.093762
1470.923043
1474.756815
1478.595077
1482.437828
1486.285067
1490.136792
1493.993003
1497.853697
1501.718875
1505.588535
1509.462676
1513.341297
1517.224396
1521.111972
1525.004024
1528.900552
1532.801553
1536.707027
1540.616973
1544.531389
1548.450275
1552.373629
1556.301450
1560.233737
1564.170489
1568.111704
1572.057382
1576.007522
1579.962122
1583.921181
1587.884698
1591.852673
1595.825103
1599.801988
1603.783327
1607.769118
1611.759361
1615.754054
1619.753196
1623.756786
1627.764824
1631.777308
1635.794236
1639.815608
1643.841423
1647.871679
1651.906376
1655.945513
1659.989087
1664.037099
1668.089548
1672.146431
1676.207748
1680.273498
1684.343680
1688.418293
1692.497336
1696.580807
1700.668706
1704.761032
1708.857782
1712.958958
1717.064556
1721.174577
1725.289019
1729.407882
1733.531163
1737.658863
1741.790979
1745.927512
1750.068459
1754.213820
1758.363594
1762.517780
1766.676377
1770.839383
1775.006798
1779.178621
1783.354850
1787.535485
1791.720524
1795.909967
1800.103812
1804.302059
1808.504706
1812.711753
1816.923198
1821.139040
1825.359278
1829.583912
1833.812941
1838.046362
1842.284176
1846.526381
1850.772976
1855.023961
1859.279334
1863.539094
1867.803240
1872.071772
1876.344687
1880.621986
1884.903667
1889.189730
1893.480173
1897.774994
1902.074195
1906.377772
1910.685726
1914.998055
1919.314758
1923.635835
1927.961283
1932.291104
1936.625294
1940.963854
1945.306783
1949.654079
1954.005741
1958.361769
1962.722161
1967.086917
1971.456036
1975.829516
1980.207356
1984.589557
1988.976116
1993.367033
1997.762306
2002.161936
2006.565920
2010.974258
2015.386949
2019.803993
2024.225387
2028.651131
2033.081225
2037.515666
2041.954455
2046.397591
2050.845071
2055.296896
2059.753065
2064.213576
2068.678429
2073.147622
2077.621155
2082.099027
2086.581237
2091.067783
2095.558666
2100.053884
2104.553435
2109.057320
2113.565538
2118.078086
2122.594966
2127.116174
2131.641711
2136.171576
2140.705768
2145.244285
2149.787128
2154.334294
2158.885783
2163.441595
2168.001728
2172.566181
2177.134954
2181.708045
2186.285454
2190.867179
2195.453221
2200.043577
2204.638247
2209.237231
2213.840526
2218.448133
2223.060051
2227.676278
2232.296813
2236.921657
2241.550807
2246.184263
2250.822024
2255.464090
2260.110458
2264.761130
2269.416102
2274.075376
2278.738949
2283.406821
2288.078990
2292.755458
2297.436221
2302.121280
2306.810633
2311.504280
2316.202219
2320.904451
2325.610973
2330.321786
2335.036888
2339.756278
2344.479956
2349.207920
2353.940171
2358.676706
2363.417525
2368.162628
2372.912013
2377.665679
2382.423626
2387.185853
2391.952359
2396.723143
2401.498204
2406.277542
2411.061155
2415.849043
2420.641205
2425.437639
2430.238346
2435.043324
2439.852573
2444.666091
2449.483878
2454.305933
2459.132255
2463.962843
2468.797696
2473.636815
2478.480197
2483.327842
2488.179749
2493.035917
2497.896345
2502.761034
2507.629981
2512.503186
2517.380648
2522.262366
2527.148340
2532.038568
2536.933050
2541.831786
2546.734773
2551.642012
2556.553501
2561.469240
2566.389228
2571.313464
2576.241947
2581.174677
2586.111652
2591.052872
2595.998337
2600.948044
2605.901994
2610.860185
2615.822617
2620.789289
2625.760201
2630.735351
2635.714738
2640.698362
2645.686222
2650.678317
2655.674647
2660.675210
2665.680006
2670.689034
2675.702293
2680.719783
2685.741502
2690.767450
2695.797626
2700.832029
2705.870659
2710.913514
2715.960594
2721.011899
2726.067426
2731.127177
2736.191148
2741.259341
2746.331754
2751.408387
2756.489238
2761.574307
2766.663592
2771.757095
2776.854812
2781.956745
2787.062891
2792.173251
2797.287823
2802.406606
2807.529601
2812.656805
2817.788219
2822.923842
2828.063672
2833.207709
2838.355953
2843.508402
2848.665056
2853.825914
2858.990975
2864.160238
2869.333704
2874.511370
2879.693236
2884.879302
2890.069567
2895.264029
2900.462689
2905.665545
2910.872596
2916.083843
2921.299284
2926.518918
2931.742745
2936.970763
2942.202973
2947.439373
2952.679963
2957.924742
2963.173710
2968.426864
2973.684205
2978.945733
2984.211445
2989.481342
2994.755423
3000.033687
3005.316133
3010.602760
3015.893568
3021.188557
3026.487725
3031.791071
3037.098595
3042.410297
3047.726174
3053.046228
3058.370456
3063.698859
3069.031435
3074.368184
3079.709105
3085.054197
3090.403460
3095.756893
3101.114495
3106.476265
3111.842204
3117.212309
3122.586580
3127.965017
3133.347619
3138.734385
3144.125314
3149.520406
3154.919660
3160.323076
3165.730652
3171.142387
3176.558282
3181.978335
3187.402546
3192.830915
3198.263439
3203.700119
3209.140954
3214.585943
3220.035085
3225.488381
3230.945828
3236.407427
3241.873176
3247.343076
3252.817124
3258.295322
3263.777667
3269.264159
3274.754798
3280.249583
3285.748512
3291.251586
3296.758804
3302.270165
3307.785668
3313.305313
3318.829099
3324.357025
3329.889090
3335.425295
3340.965637
3346.510117
3352.058734
3357.611487
3363.168376
3368.729399
3374.294556
3379.863847
3385.437271
3391.014826
3396.596513
3402.182330
3407.772278
3413.366355
3418.964560
3424.566894
3430.173354
3435.783942
3441.398655
3447.017493
3452.640457
3458.267544
3463.898754
3469.534087
3475.173541
3480.817117
3486.464814
3492.116631
3497.772566
3503.432620
3509.096793
3514.765082
3520.437488
3526.114010
3531.794647
3537.479399
3543.168264
3548.861243
3554.558335
3560.259538
3565.964853
3571.674278
3577.387813
3583.105458
3588.827211
3594.553073
3600.283041
3606.017116
3611.755298
3617.497584
3623.243976
3628.994471
3634.749070
3640.507772
3646.270576
3652.037481
3657.808487
3663.583593
3669.362799
3675.146104
3680.933507
3686.725008
3692.520605
3698.320299
3704.124088
3709.931973
3715.743952
3721.560025
3727.380190
3733.204449
3739.032799
3744.865240
3750.701772
3756.542393
3762.387104
3768.235904
3774.088792
3779.945767
3785.806828
3791.671976
3797.541209
3803.414528
3809.291930
3815.173416
3821.058985
3826.948636
3832.842369
3838.740183
3844.642077
3850.548051
3856.458105
3862.372237
3868.290447
3874.212734
3880.139098
3886.069537
3892.004053
3897.942643
3903.885307
3909.832045
3915.782856
3921.737739
3927.696694
3933.659720
3939.626817
3945.597983
3951.573219
3957.552523
3963.535895
3969.523335
3975.514841
3981.510414
3987.510052
3993.513755
3999.521523
4005.533354
4011.549248
4017.569205
4023.593224
4029.621304
4035.653445
4041.689645
4047.729906
4053.774225
4059.822602
4065.875037
4071.931529
4077.992077
4084.056682
4090.125341
4096.198055
4102.274824
4108.355645
4114.440520
4120.529447
4126.622425
4132.719454
4138.820534
4144.925664
4151.034843
4157.148070
4163.265346
4169.386669
4175.512039
4181.641455
4187.774917
4193.912423
4200.053975
4206.199570
4212.349209
4218.502890
4224.660613
4230.822378
4236.988184
4243.158030
4249.331916
4255.509842
4261.691805
4267.877807
4274.067846
4280.261922
4286.460035
4292.662183
4298.868366
4305.078583
4311.292835
4317.511120
4323.733437
4329.959787
4336.190168
4342.424581
4348.663023
4354.905496
4361.151998
4367.402529
4373.657087
4379.915674
4386.178287
4392.444927
4398.715592
4404.990283
4411.268998
4417.551738
4423.838501
4430.129287
4436.424095
4442.722925
4449.025777
4455.332649
4461.643541
4467.958453
4474.277383
4480.600333
4486.927300
4493.258284
4499.593285
4505.932302
4512.275334
4518.622382
4524.973444
4531.328520
4537.687609
4544.050711
4550.417825
4556.788951
4563.164088
4569.543235
4575.926392
4582.313559
4588.704735
4595.099918
4601.499110
4607.902308
4614.309514
4620.720725
4627.135941
4633.555163
4639.978389
4646.405619
4652.836852
4659.272088
4665.711326
4672.154565
4678.601806
4685.053047
4691.508288
4697.967528
4704.430767
4710.898005
4717.369240
4723.844473
4730.323702
4736.806927
4743.294148
4749.785363
4756.280574
4762.779778
4769.282975
4775.790165
4782.301348
4788.816522
4795.335688
4801.858844
4808.385990
4814.917126
4821.452251
4827.991364
4834.534466
4841.081554
4847.632630
4854.187692
4860.746739
4867.309772
4873.876790
4880.447791
4887.022777
4893.601745
4900.184696
4906.771629
4913.362544
4919.957440
4926.556315
4933.159171
4939.766006
4946.376820
4952.991613
4959.610383
4966.233130
4972.859854
4979.490554
4986.125230
4992.763881
4999.406506
5006.053106
5012.703679
5019.358225
5026.016743
5032.679234
5039.345696
5046.016129
5052.690532
5059.368905
5066.051247
5072.737558
5079.427837
5086.122084
5092.820299
5099.522480
5106.228627
5112.938740
5119.652818
5126.370860
5133.092867
5139.818837
5146.548770
5153.282666
5160.020524
5166.762344
5173.508124
5180.257865
5187.011566
5193.769226
5200.530845
5207.296423
5214.065958
5220.839451
5227.616901
5234.398307
5241.183668
5247.972986
5254.766258
5261.563484
5268.364664
5275.169798
5281.978884
5288.791922
5295.608912
5302.429854
5309.254746
5316.083588
5322.916380
5329.753122
5336.593812
5343.438450
5350.287036
5357.139569
5363.996049
5370.856475
5377.720846
5384.589163
5391.461425
5398.337630
5405.217780
5412.101872
5418.989907
5425.881884
5432.777803
5439.677663
5446.581464
5453.489205
5460.400885
5467.316505
5474.236063
5481.159560
5488.086994
5495.018365
5501.953673
5508.892917
5515.836097
5522.783212
5529.734261
5536.689245
5543.648163
5550.611013
5557.577797
5564.548512
5571.523160
5578.501738
5585.484247
5592.470687
5599.461056
5606.455355
5613.453582
5620.455738
5627.461821
5634.471832
5641.485769
5648.503633
5655.525423
5662.551138
5669.580777
5676.614342
5683.651830
5690.693241
5697.738576
5704.787833
5711.841011
5718.898112
5725.959133
5733.024074
5740.092936
5747.165717
5754.242418
5761.323036
5768.407573
5775.496028
5782.588400
5789.684688
5796.784892
5803.889012
5810.997048
5818.108998
5825.224862
5832.344640
5839.468331
5846.595935
5853.727452
5860.862880
5868.002219
5875.145470
5882.292631
5889.443702
5896.598682
5903.757571
5910.920369
5918.087075
5925.257689
5932.432209
5939.610636
5946.792970
5953.979209
5961.169353
5968.363402
5975.561355
5982.763212
5989.968973
5997.178636
6004.392202
6011.609669
6018.831038
6026.056308
6033.285479
6040.518549
6047.755519
6054.996389
6062.241157
6069.489823
6076.742386
6083.998847
6091.259205
6098.523459
6105.791609
6113.063655
6120.339595
6127.619430
6134.903159
6142.190781
6149.482296
6156.777704
6164.077005
6171.380196
6178.687279
6185.998253
6193.313117
6200.631871
6207.954515
6215.281047
6222.611468
6229.945777
6237.283973
6244.626057
6251.972027
6259.321883
6266.675625
6274.033253
6281.394765
6288.760161
6296.129442
6303.502605
6310.879652
6318.260582
6325.645393
6333.034086
6340.426661
6347.823116
6355.223451
6362.627666
6370.035760
6377.447734
6384.863586
6392.283316
6399.706923
6407.134408
6414.565769
6422.001007
6429.440120
6436.883108
6444.329972
6451.780710
6459.235322
6466.693807
6474.156166
6481.622397
6489.092500
6496.566475
6504.044321
6511.526039
6519.011626
6526.501084
6533.994411
6541.491607
6548.992672
6556.497605
6564.006406
6571.519074
6579.035609
6586.556010
6594.080277
6601.608410
6609.140408
6616.676271
6624.215998
6631.759588
6639.307042
6646.858359
6654.413538
6661.972580
6669.535483
6677.102247
6684.672871
6692.247356
6699.825701
6707.407905
6714.993969
6722.583890
6730.177670
6737.775307
6745.376802
6752.982153
6760.591361
6768.204425
6775.821344
6783.442118
6791.066747
6798.695230
6806.327567
6813.963757
6821.603800
6829.247695
6836.895442
6844.547041
6852.202491
6859.861792
6867.524943
6875.191944
6882.862795
6890.537494
6898.216042
6905.898438
6913.584682
6921.274773
6928.968711
6936.666496
6944.368126
6952.073602
6959.782923
6967.496089
6975.213099
6982.933953
6990.658651
6998.387192
7006.119575
7013.855800
7021.595867
7029.339776
7037.087525
7044.839115
7052.594545
7060.353814
7068.116923
7075.883870
7083.654656
7091.429280
7099.207742
7106.990040
7114.776175
7122.566147
7130.359954
7138.157597
7145.959075
7153.764387
7161.573533
7169.386514
7177.203327
7185.023974
7192.848453
7200.676764
7208.508907
7216.344881
7224.184686
7232.028321
7239.875786
7247.727081
7255.582205
7263.441158
7271.303939
7279.170548
7287.040985
7294.915248
7302.793339
7310.675256
7318.560998
7326.450566
7334.343959
7342.241177
7350.142219
7358.047084
7365.955773
7373.868285
7381.784620
7389.704777
7397.628755
7405.556555
7413.488176
7421.423617
7429.362879
7437.305960
7445.252860
7453.203580
7461.158118
7469.116474
7477.078647
7485.044638
7493.014446
7500.988070
7508.965510
7516.946766
7524.931837
7532.920723
7540.913423
7548.909937
7556.910265
7564.914407
7572.922361
7580.934127
7588.949705
7596.969095
7604.992296
7613.019308
7621.050131
7629.084763
7637.123205
7645.165456
7653.211516
7661.261384
7669.315061
7677.372544
7685.433835
7693.498933
7701.567837
7709.640548
7717.717063
7725.797384
7733.881510
7741.969440
7750.061174
7758.156712
7766.256053
7774.359197
7782.466143
7790.576891
7798.691441
7806.809792
7814.931944
7823.057896
7831.187649
7839.321201
7847.458552
7855.599702
7863.744650
7871.893397
7880.045941
7888.202283
7896.362421
7904.526356
7912.694087
7920.865614
7929.040936
7937.220053
7945.402964
7953.589670
7961.780169
7969.974462
7978.172548
7986.374426
7994.580096
8002.789559
8011.002812
8019.219857
8027.440692
8035.665318
8043.893733
8052.125938
8060.361932
8068.601715
8076.845286
8085.092645
8093.343791
8101.598725
8109.857446
8118.119952
8126.386245
8134.656323
8142.930187
8151.207835
8159.489268
8167.774485
8176.063486
8184.356270
8192.652837
8200.953186
8209.257318
8217.565231
8225.876926
8234.192401
8242.511658
8250.834694
8259.161511
8267.492106
8275.826481
8284.164635
8292.506567
8300.852277
8309.201765
8317.555029
8325.912071
8334.272889
8342.637483
8351.005853
8359.377998
8367.753918
8376.133612
8384.517081
8392.904323
8401.295339
8409.690128
8418.088690
8426.491023
8434.897129
8443.307006
8451.720655
8460.138074
8468.559264
8476.984223
8485.412952
8493.845451
8502.281718
8510.721754
8519.165559
8527.613130
8536.064470
8544.519576
8552.978449
8561.441088
8569.907494
8578.377664
8586.851600
8595.329301
8603.810766
8612.295995
8620.784988
8629.277744
8637.774264
8646.274545
8654.778589
8663.286395
8671.797962
8680.313290
8688.832380
8697.355229
8705.881838
8714.412207
8722.946336
8731.484223
8740.025868
8748.571272
8757.120434
8765.673353
8774.230029
8782.790462
8791.354651
8799.922596
8808.494296
8817.069752
8825.648963
8834.231928
8842.818647
8851.409120
8860.003347
8868.601326
8877.203058
8885.808542
8894.417779
8903.030767
8911.647506
8920.267996
8928.892236
8937.520227
8946.151967
8954.787457
8963.426696
8972.069683
8980.716419
8989.366903
8998.021134
9006.679112
9015.340838
9024.006310
9032.675528
9041.348492
9050.025201
9058.705655
9067.389855
9076.077798
9084.769485
9093.464916
9102.164091
9110.867008
9119.573668
9128.284070
9136.998214
9145.716099
9154.437726
9163.163093
9171.892201
9180.625049
9189.361636
9198.101963
9206.846029
9215.593833
9224.345376
9233.100657
9241.859675
9250.622431
9259.388923
9268.159152
9276.933117
9285.710818
9294.492254
9303.277426
9312.066332
9320.858973
9329.655347
9338.455456
9347.259297
9356.066872
9364.878179
9373.693219
9382.511990
9391.334494
9400.160728
9408.990693
9417.824389
9426.661815
9435.502971
9444.347856
9453.196470
9462.048814
9470.904885
9479.764685
9488.628212
9497.495467
9506.366449
9515.241158
9524.119593
9533.001754
9541.887640
9550.777252
9559.670589
9568.567650
9577.468436
9586.372946
9595.281179
9604.193135
9613.108815
9622.028217
9630.951341
9639.878186
9648.808754
9657.743042
9666.681052
9675.622782
9684.568232
9693.517401
9702.470290
9711.426899
9720.387226
9729.351271
9738.319035
9747.290516
9756.265714
9765.244630
9774.227262
9783.213611
9792.203676
9801.197456
9810.194952
9819.196162
9828.201088
9837.209727
9846.222081
9855.238148
9864.257929
9873.281422
9882.308628
9891.339546
9900.374177
9909.412518
9918.454572
9927.500336
9936.549810
9945.602995
9954.659890
9963.720494
9972.784808
9981.852830
9990.924561
10000.000000

