0.000000000000000000e+00
2.310129700083160653e+00
8.146360565999582803e+00
1.702666353667008536e+01
2.872704094011867682e+01
4.310135435042949581e+01
6.004223070275188689e+01
7.946543307420270708e+01
1.013020322988852087e+02
1.254939370635919431e+02
1.519911082952934009e+02
1.807497100857110013e+02
2.117308220719986878e+02
2.448995083674743398e+02
2.802241234907547778e+02
3.176757817853847428e+02
3.572279431520867661e+02
3.988560837116832545e+02
4.425374298811348694e+02
4.882507407193247673e+02
5.359761276411355766e+02
5.856949034946034089e+02
6.373894550185158323e+02
6.910431341387960629e+02
7.466401646071703908e+02
8.041655612558949997e+02
8.636050597183611899e+02
9.249450549018581569e+02
9.881725468334980178e+02
1.053275092759844483e+03
1.120240764584077851e+03
1.189058110885249789e+03
1.259716122892381691e+03
1.332204203889192058e+03
1.406512141608724050e+03
1.482630083245219112e+03
1.560548512766493332e+03
1.640258230256224351e+03
1.721750333053945724e+03
1.805016198492578042e+03
1.890047468060224901e+03
1.976836032835681181e+03
2.065374020066324192e+03
2.155653780773434846e+03
2.247667878284013113e+03
2.341409077600128057e+03
2.436870335527220050e+03
2.534044791491691285e+03
2.632925758985883931e+03
2.733506717585280057e+03
2.835781305488656471e+03
2.939743312537074871e+03
3.045386673672095185e+03
3.152705462797609016e+03
3.261693887013171206e+03
3.372346281189832553e+03
3.484657102862232023e+03
3.598620927413132904e+03
3.714232443528808290e+03
3.831486448905564430e+03
3.950377846189517641e+03
4.070901639133207482e+03
4.193052928954101844e+03
4.316826910881272852e+03
4.442218870877667541e+03
4.569224182526420009e+03
4.697838304070593040e+03
4.828056775596541229e+03
4.959875216351904783e+03
5.093289322189871200e+03
5.228294863132032333e+03
5.364887681042676377e+03
5.503063687407950056e+03
5.642818861213732816e+03
5.784149246916548691e+03
5.927050952502227119e+03
6.071520147627381448e+03
6.217553061839148540e+03
6.365145982868877581e+03
6.514295254995819050e+03
6.664997277477064017e+03
6.817248503040263131e+03
6.971045436435856573e+03
7.126384633045783630e+03
7.283262697545791525e+03
7.441676282618665937e+03
7.601622087715881207e+03
7.763096857865282800e+03
7.926097382522589214e+03
8.090620494464623334e+03
8.256663068722293247e+03
8.424222021551478974e+03
8.593294309440068901e+03
8.763876928149486048e+03
8.935966911789164442e+03
9.109561331922503086e+03
9.284657296702867825e+03
9.461251950038387804e+03
9.639342470784245961e+03
9.818926071961310299e+03
1.000000000000000000e+04
