0.000000000000000000e+00
9.018239972160266849e-01
4.357936206989229788e+00
1.095186988692394081e+01
2.105910692420656716e+01
3.496954480820816258e+01
5.292335362753495076e+01
7.512753702782703158e+01
1.017651391348742180e+02
1.330009562734885549e+02
1.689853518336984735e+02
2.098569442311343209e+02
2.557445795196351526e+02
3.067688262176945386e+02
3.630431378696883371e+02
4.246747768153604738e+02
4.917655615887658769e+02
5.644124810065399060e+02
6.427082054787956622e+02
7.267415177122304613e+02
8.165976792370511248e+02
9.123587451584838846e+02
1.014103836642424312e+03
1.121909378532329129e+03
1.235849307925299627e+03
1.355995258352330893e+03
1.482416723303755816e+03
1.615181202141801350e+03
1.754354330895355815e+03
1.900000000000000000e+03
1.944359035149954934e+03
2.056426149873045233e+03
2.226945437861092614e+03
2.451615703123095045e+03
2.727630800371311125e+03
3.052928955516737005e+03
3.425892653913782851e+03
3.845198319967207681e+03
4.309730486175605620e+03
4.818528303890821917e+03
5.370750037431915189e+03
5.965648339261008914e+03
6.602552371621558450e+03
7.280854479012245065e+03
8.000000000000000000e+03
