-7.247377855808512095e+02
-6.521291097242981323e+02
-5.843699596640656182e+02
-5.213110442737213361e+02
-4.628018557173431304e+02
-4.086906081403962503e+02
-3.588241704518723054e+02
-3.130479923312532833e+02
-2.712060224190199733e+02
-2.331406174286508133e+02
-1.986924406362239779e+02
-1.677003478395171214e+02
-1.400012584014747858e+02
-1.154300083587132093e+02
-9.381918171836180420e+01
-7.499891488540137630e+01
-5.879666750027763555e+01
-4.503695056874695979e+01
-3.354099920752958042e+01
-2.412637186958242808e+01
-1.660644919613627479e+01
-1.078979103890667623e+01
-6.479284219096583364e+00
-3.470963698575082912e+00
-1.552283667585862892e+00
-4.993535315608370606e-01
-7.183997619584608918e-02
0.000000000000000000e+00
7.183997619584608918e-02
4.993535315608370606e-01
1.552283667585862892e+00
3.470963698575082912e+00
6.479284219096583364e+00
1.078979103890667623e+01
1.660644919613627479e+01
2.412637186958242808e+01
3.354099920752958042e+01
4.503695056874695979e+01
5.879666750027763555e+01
7.499891488540137630e+01
9.381918171836180420e+01
1.154300083587132093e+02
1.400012584014747858e+02
1.677003478395171214e+02
1.986924406362239779e+02
2.331406174286508133e+02
2.712060224190199733e+02
3.130479923312532833e+02
3.588241704518723054e+02
4.086906081403962503e+02
4.628018557173431304e+02
5.213110442737213361e+02
5.843699596640656182e+02
6.521291097242981323e+02
7.247377855808512095e+02
8.023441177776063569e+02
8.850951278342580508e+02
9.731367757577301063e+02
1.066614003952778376e+03
1.165670777915510371e+03
1.270450124041589788e+03
1.381094164837395056e+03
1.497744151785735085e+03
1.620540496086667645e+03
1.749622797467533701e+03
1.885129871233668609e+03
2.027199773711840180e+03
2.175969826221628409e+03
2.331576637695443424e+03
2.494156126055212553e+03
2.663843538442678437e+03
2.840773470390617149e+03
3.025079884013705396e+03
3.216896125290294094e+03
3.416354940499706117e+03
3.623588491873729708e+03
3.838728372515814499e+03
4.061905620636714957e+03
4.293250733151242457e+03
4.532893678676944546e+03
4.780963909972238071e+03
5.037590375848488293e+03
5.302901532587725342e+03
5.577025354895348755e+03
5.860089346414793908e+03
6.152220549829233278e+03
6.453545556573443719e+03
6.764190516177352038e+03
7.084281145261264101e+03
7.413942736201260232e+03
7.753300165482146440e+03
8.102477901754026789e+03
8.461600013607532674e+03
8.830790177081846196e+03
9.210171682918553415e+03
9.599867443573777564e+03
1.000000000000000000e+04
