3.000000000000000000e+01
3.230319931098291164e+01
3.812192148430158056e+01
4.697558354606007924e+01
5.864085981729832042e+01
7.297205028737820953e+01
8.986210401064363396e+01
1.092270367749800926e+02
1.309981262019885548e+02
1.551174552524011574e+02
1.815351349704075403e+02
2.102074609554538824e+02
2.410956296057826762e+02
2.741648098423719375e+02
3.093834511202825297e+02
3.467227544400285524e+02
3.861562593226304898e+02
4.276595154605482207e+02
4.712098175914914577e+02
5.167859884971667270e+02
5.643681992582121438e+02
6.139378187841195995e+02
6.654772866534602827e+02
7.189700047363796784e+02
7.744002441133487764e+02
8.317530645721273004e+02
8.910142445392060608e+02
9.521702197371525926e+02
1.015208029192997515e+03
1.080115267481565070e+03
1.146880042290325719e+03
1.215490936552594121e+03
1.285936974523704521e+03
1.358207591277524443e+03
1.432292605183897876e+03
1.508182192995483547e+03
1.585866867228193996e+03
1.665337455565455684e+03
1.746585082054783925e+03
1.829601149897100413e+03
1.914377325656044377e+03
2.000905524737174119e+03
2.089177898006124906e+03
2.179186819431114600e+03
2.270924874649161211e+03
2.364384850367327545e+03
2.459559724520638611e+03
2.556442657117216186e+03
2.655026981708926542e+03
2.755306197432524186e+03
2.857273961572190728e+03
2.960924082599463418e+03
3.066250513651079018e+03
3.173247346409216334e+03
3.281908805352131822e+03
3.392229242346263163e+03
3.504203131553645107e+03
3.617825064630893849e+03
3.733089746198221746e+03
3.849991989558847763e+03
3.968526712650949321e+03
4.088688934215807876e+03
4.210473770167239309e+03
4.333876430148628970e+03
4.458892214265034454e+03
4.585516509978840986e+03
4.713744789158381536e+03
4.843572605269751875e+03
4.974995590702848858e+03
5.108009454223301873e+03
5.242609978542636782e+03
5.378793017999548283e+03
5.516554496345725966e+03
5.655890404630092235e+03
5.796796799175799606e+03
5.939269799644720479e+03
6.083305587184499927e+03
6.228900402653631318e+03
6.376050544920271022e+03
6.524752369230831391e+03
6.675002285644633048e+03
6.826796757531142248e+03
6.980132300126549126e+03
7.135005479146646394e+03
7.291412909453154498e+03
7.449351253770809308e+03
7.608817221452733975e+03
7.769807567291686610e+03
7.932319090375021005e+03
8.096348632981229457e+03
8.261893079516126818e+03
8.428949355486825880e+03
8.597514426511748752e+03
8.767585297365036240e+03
8.939159011053796348e+03
9.112232647926735808e+03
9.286803324812759456e+03
9.462868194188273264e+03
9.640424443371892266e+03
9.819469293745425603e+03
1.000000000000000000e+04
