3.000000000000000000e+01
7.297205028737820953e+01
1.815351349704075403e+02
3.467227544400285524e+02
5.643681992582121438e+02
8.317530645721273004e+02
1.146880042290325719e+03
1.508182192995483547e+03
1.914377325656044377e+03
2.364384850367327545e+03
2.857273961572190728e+03
3.392229242346263163e+03
3.968526712650949321e+03
4.585516509978840986e+03
5.242609978542636782e+03
5.939269799644720479e+03
6.675002285644633048e+03
7.449351253770809308e+03
8.261893079516126818e+03
9.112232647926735808e+03
1.000000000000000000e+04
