1.000000000000000056e-01
2.000000000000000111e-01
3.000000000000000444e-01
4.000000000000000222e-01
5.000000000000000000e-01
6.000000000000000888e-01
6.500000000000000222e-01
6.999999999999999556e-01
7.500000000000000000e-01
8.000000000000000444e-01
8.499999999999999778e-01
8.999999999999999112e-01
9.499999999999999556e-01
1.024999999999999911e+00
1.049999999999999822e+00
1.099999999999999867e+00
1.149999999999999911e+00
1.200000000000000178e+00
1.300000000000000044e+00
1.399999999999999911e+00
1.500000000000000000e+00
