-6.805371093740627657e+02
-5.883665613654984554e+02
-5.022749373484102762e+02
-4.223593186419667518e+02
-3.487278587961837957e+02
-2.815023708865775802e+02
-2.208219056051740097e+02
-1.668478895494924927e+02
-1.197718660003816069e+02
-7.982791608108909998e+01
-4.731441260446869990e+01
-2.263745120788697918e+01
-6.419486093923750580e+00
0.000000000000000000e+00
6.419486093923750580e+00
2.263745120788697918e+01
4.731441260446869990e+01
7.982791608108909998e+01
1.197718660003816069e+02
1.668478895494924927e+02
2.208219056051740097e+02
2.815023708865775802e+02
3.487278587961837957e+02
4.223593186419667518e+02
5.022749373484102762e+02
5.883665613654984554e+02
6.805371093740627657e+02
7.786986435723131308e+02
8.827708952766683979e+02
9.926801137370134711e+02
1.108358150960903231e+03
1.229741722752811711e+03
1.356771803887394981e+03
1.489393127123343447e+03
1.627553763812599755e+03
1.771204769480131745e+03
1.920299881753735690e+03
2.074795260927613072e+03
2.234649265583993383e+03
2.399822257297777924e+03
2.570276429662053943e+03
2.745975657802459864e+03
2.926885365269608428e+03
3.112972405763677216e+03
3.304204957591916809e+03
3.500552429116026815e+03
3.701985373732726657e+03
3.908475413162769200e+03
4.119995168012895192e+03
4.336518194730481810e+03
4.558018928199038783e+03
4.784472629329215124e+03
5.015855337089124987e+03
5.252143824492467502e+03
5.493315558126120777e+03
5.739348660852190733e+03
5.990221877365185719e+03
6.245914542323710521e+03
6.506406550809585497e+03
6.771678330895947511e+03
7.041710818130789448e+03
7.316485431763887391e+03
7.595984052563879231e+03
7.880189002088519374e+03
8.169083023285554191e+03
8.462649262314131192e+03
8.760871251487800691e+03
9.063732893249851259e+03
9.371218445100415920e+03
9.683312505402380339e+03
1.000000000000000000e+04
