-680.537109
-588.366561
-502.274937
-422.359319
-348.727859
-281.502371
-220.821906
-166.847890
-119.771866
-79.827916
-47.314413
-22.637451
-6.419486
0.000000
6.419486
22.637451
47.314413
79.827916
119.771866
166.847890
220.821906
281.502371
348.727859
422.359319
502.274937
588.366561
680.537109
778.698644
882.770895
992.680114
1108.358151
1229.741723
1356.771804
1489.393127
1627.553764
1771.204769
1920.299882
2074.795261
2234.649266
2399.822257
2570.276430
2745.975658
2926.885365
3112.972406
3304.204958
3500.552429
3701.985374
3908.475413
4119.995168
4336.518195
4558.018928
4784.472629
5015.855337
5252.143824
5493.315558
5739.348661
5990.221877
6245.914542
6506.406551
6771.678331
7041.710818
7316.485432
7595.984053
7880.189002
8169.083023
8462.649262
8760.871251
9063.732893
9371.218445
9683.312505
10000.000000
