8.000000000000000000e+00
0.000000000000000000e+00
7.877060521677556881e-01
1.710898376811511024e-01
2.833368166451336601e-01
4.692257164695555205e-01
7.770708219402492345e-01
1.286883990191686644e+00
2.131170489810279012e+00
3.529368374504100014e+00
5.844882510576903556e+00
2.735310177243607116e-02
7.277858645484111544e-02
1.608243499439866442e-01
2.390439618287366064e-01
2.390439618287363288e-01
1.608243499439863111e-01
7.277858645484092115e-02
2.735310177243599483e-02
2.735310177243607116e-02
7.277858645484111544e-02
1.608243499439866442e-01
2.390439618287366064e-01
2.390439618287363288e-01
1.608243499439863111e-01
7.277858645484092115e-02
2.735310177243599483e-02
2.735310177243607116e-02
7.277858645484111544e-02
1.608243499439866442e-01
2.390439618287366064e-01
2.390439618287363288e-01
1.608243499439863111e-01
7.277858645484092115e-02
2.735310177243599483e-02
2.735310177243607116e-02
7.277858645484111544e-02
1.608243499439866442e-01
2.390439618287366064e-01
2.390439618287363288e-01
1.608243499439863111e-01
7.277858645484092115e-02
2.735310177243599483e-02
2.735310177243607116e-02
7.277858645484111544e-02
1.608243499439866442e-01
2.390439618287366064e-01
2.390439618287363288e-01
1.608243499439863111e-01
7.277858645484092115e-02
2.735310177243599483e-02
2.735310177243607116e-02
7.277858645484111544e-02
1.608243499439866442e-01
2.390439618287366064e-01
2.390439618287363288e-01
1.608243499439863111e-01
7.277858645484092115e-02
2.735310177243599483e-02
2.735310177243607116e-02
7.277858645484111544e-02
1.608243499439866442e-01
2.390439618287366064e-01
2.390439618287363288e-01
1.608243499439863111e-01
7.277858645484092115e-02
2.735310177243599483e-02
2.735310177243607116e-02
7.277858645484111544e-02
1.608243499439866442e-01
2.390439618287366064e-01
2.390439618287363288e-01
1.608243499439863111e-01
7.277858645484092115e-02
2.735310177243599483e-02
