0.000000
0.901824
4.357936
10.951870
21.059107
34.969545
52.923354
75.127537
101.765139
133.000956
168.985352
209.856944
255.744580
306.768826
363.043138
424.674777
491.765562
564.412481
642.708205
726.741518
816.597679
912.358745
1014.103837
1121.909379
1235.849308
1355.995258
1482.416723
1615.181202
1754.354331
1900.000000
1944.359035
2056.426150
2226.945438
2451.615703
2727.630800
3052.928956
3425.892654
3845.198320
4309.730486
4818.528304
5370.750037
5965.648339
6602.552372
7280.854479
8000.000000

