30.000000
32.303199
38.121921
46.975584
58.640860
72.972050
89.862104
109.227037
130.998126
155.117455
181.535135
210.207461
241.095630
274.164810
309.383451
346.722754
386.156259
427.659515
471.209818
516.785988
564.368199
613.937819
665.477287
718.970005
774.400244
831.753065
891.014245
952.170220
1015.208029
1080.115267
1146.880042
1215.490937
1285.936975
1358.207591
1432.292605
1508.182193
1585.866867
1665.337456
1746.585082
1829.601150
1914.377326
2000.905525
2089.177898
2179.186819
2270.924875
2364.384850
2459.559725
2556.442657
2655.026982
2755.306197
2857.273962
2960.924083
3066.250514
3173.247346
3281.908805
3392.229242
3504.203132
3617.825065
3733.089746
3849.991990
3968.526713
4088.688934
4210.473770
4333.876430
4458.892214
4585.516510
4713.744789
4843.572605
4974.995591
5108.009454
5242.609979
5378.793018
5516.554496
5655.890405
5796.796799
5939.269800
6083.305587
6228.900403
6376.050545
6524.752369
6675.002286
6826.796758
6980.132300
7135.005479
7291.412909
7449.351254
7608.817221
7769.807567
7932.319090
8096.348633
8261.893080
8428.949355
8597.514427
8767.585297
8939.159011
9112.232648
9286.803325
9462.868194
9640.424443
9819.469294
10000.000000

