8.000000
0.000000
0.202617
0.634990
0.722969
0.823136
0.937182
1.067029
1.214866
1.383186
1.574827
0.027353
0.072779
0.160824
0.239044
0.239044
0.160824
0.072779
0.027353
0.027353
0.072779
0.160824
0.239044
0.239044
0.160824
0.072779
0.027353
0.027353
0.072779
0.160824
0.239044
0.239044
0.160824
0.072779
0.027353
0.027353
0.072779
0.160824
0.239044
0.239044
0.160824
0.072779
0.027353
0.027353
0.072779
0.160824
0.239044
0.239044
0.160824
0.072779
0.027353
0.027353
0.072779
0.160824
0.239044
0.239044
0.160824
0.072779
0.027353
0.027353
0.072779
0.160824
0.239044
0.239044
0.160824
0.072779
0.027353
0.027353
0.072779
0.160824
0.239044
0.239044
0.160824
0.072779
0.027353

