114.132
72.968
117.011
64.818
20.862
65.213
203.287
46.929
207.561
24.843
57.992
52.227
212.725
58.553
62.127
25.708
77.105
8.385
227.906
37.889
84.415
146.071
99.024
78.739
28.834
67.741
36.887
191.698
55.827
84.274
103.515
102.917
67.302
264.857
67.567
51.994
69.208
155.460
50.377
167.493
26.371
56.120
48.900
155.702
97.287
79.234
19.990
277.143
28.205
65.951
20.586
225.629
50.241
99.846
28.525
12.427
189.425
64.833
33.059
34.388
200.689
49.981
35.189
255.084
81.744
90.130
124.864
71.685
87.005
25.052
96.684
60.980
71.240
125.555
62.033
216.132
91.563
61.063
63.076
80.797
107.184
94.993
52.709
63.275
228.253
87.808
88.014
28.174
114.075
88.295
16.438
18.908
127.593
57.141
16.323
105.968
151.032
184.146
39.049
99.410
39.126
53.156
155.637
261.219
22.433
65.198
100.415
239.438
287.035
70.747
83.237
84.508
29.653
116.742
15.621
213.358
41.498
47.596
262.636
109.254
63.442
101.151
49.383
35.950
54.328
64.000
32.282
129.186
136.707
125.375
33.829
308.241
17.460
24.170
165.642
157.886
216.943
56.941
60.539
39.570
93.875
295.627
557.135
20.282
123.848
41.543
81.858
65.632
84.418
189.830
184.481
25.789
34.470
14.593
97.253
44.386
192.558
65.260
691.737
639.244
185.425
727.090
193.360
162.187
108.085
369.646
154.752
94.299
58.483
240.700
266.826
87.197
77.047
648.458
1239.021
662.464
359.169
1498.309
526.723
1012.105
70.683
381.568
202.428
445.783
286.655
143.736
313.248
199.905
947.697
1255.604
1282.119
189.801
174.274
422.309
135.968
629.487
164.205
436.426
666.282
569.990
1317.617
384.719
156.958
169.651
939.665
450.654
303.991
964.152
308.359
508.605
147.951
522.430
302.569
574.288
235.429
519.090
354.738
223.849
308.085
330.941
260.654
169.005
100.004
175.328
338.803
567.843
191.912
69.961
39.701
295.148
163.038
386.821
772.687
531.599
60.698
351.804
479.738
1855.568
37.563
256.976
244.031
392.029
629.549
179.664
421.717
1022.925
249.251
686.113
169.776
1029.737
135.912
147.543
365.947
294.447
227.103
604.057
254.189
514.772
413.663
109.207
339.995
1485.194
230.583
123.118
236.809
350.792
362.363
119.634
175.965
176.841
207.415
78.806
161.342
224.277
226.053
481.197
204.077
272.091
1190.304
188.876
389.040
61.476
714.635
68.614
128.290
212.919
313.371
179.256
121.608
507.585
699.424
1927.799
607.114
133.384
1214.889
81.191
201.155
178.372
44.833
904.485
281.093
123.060
83.107
312.401
225.336
200.733
436.051
336.295
624.843
797.684
245.193
340.575
89.874
386.413
1014.054
145.538
188.377
100.500
178.655
62.206
175.845
1045.786
317.091
156.580
390.126
376.707
880.074
237.480
517.032
181.356
119.444
93.835
201.130
488.633
602.717
233.842
420.295
206.192
305.746
83.341
831.095
134.144
569.146
220.260
97.697
172.826
936.187
120.298
145.951
45.856
126.939
798.278
298.482
446.277
206.459
286.940
85.415
388.482
149.905
908.900
470.400
387.247
123.050
