1.000
1.000
2.000
1.000
2.000
2.000
1.000
1.000
2.000
1.000
1.000
2.429
2.000
2.000
1.000
1.333
1.000
1.000
1.833
2.000
1.000
3.000
2.000
1.273
2.000
1.000
1.000
1.000
1.000
1.000
1.000
2.000
2.500
2.200
1.000
2.000
1.000
1.000
1.000
2.000
1.091
2.000
1.000
1.000
1.333
1.000
1.500
1.400
1.571
1.000
1.000
2.000
1.000
1.200
1.000
1.000
2.000
2.000
1.000
1.000
6.000
1.000
2.000
1.167
1.000
2.000
1.000
1.000
3.000
1.000
3.000
2.000
1.000
1.125
1.333
2.000
1.000
1.000
1.000
2.000
2.000
1.000
1.000
1.000
1.000
1.000
1.500
2.000
2.000
1.500
1.000
1.000
1.667
1.000
1.000
1.500
1.000
2.000
3.000
2.000
1.333
1.333
2.000
1.000
1.000
1.333
2.000
3.000
1.273
1.000
1.000
1.000
1.000
2.000
2.200
2.000
1.000
1.000
1.000
1.000
2.000
1.091
1.091
1.091
1.091
1.000
1.000
1.333
1.333
1.000
1.000
1.000
1.000
1.000
1.000
1.000
1.000
1.000
1.167
1.000
2.000
2.000
1.000
1.000
2.000
2.000
1.000
1.000
1.000
1.500
2.000
1.000
1.000
1.000
1.667
2.000
1.000
1.333
2.000
3.857
2.800
5.455
1.000
5.000
1.000
1.400
1.667
1.000
2.000
2.455
2.545
1.000
1.000
2.545
2.000
2.000
2.000
2.000
3.000
1.889
1.455
1.818
1.500
3.000
2.000
2.333
1.000
2.636
2.000
2.000
5.000
1.636
2.900
1.182
1.000
3.000
1.000
2.900
3.545
1.000
4.500
3.250
2.091
1.000
2.500
1.000
1.700
2.000
4.000
1.500
1.667
1.000
2.000
2.500
1.300
3.000
1.000
1.000
2.000
2.000
2.000
2.250
1.750
1.750
1.667
1.000
3.455
2.000
2.000
2.091
2.000
1.000
4.000
2.000
1.000
1.000
2.000
2.091
1.800
1.000
1.143
3.000
1.000
2.000
2.000
1.000
2.000
2.000
1.000
2.000
2.000
3.000
1.000
2.000
1.000
3.286
2.000
2.000
1.400
1.000
3.250
2.000
1.000
4.500
3.000
1.818
1.000
3.000
2.000
2.000
1.000
1.125
1.000
1.500
1.400
1.000
1.500
2.000
1.000
2.000
1.000
1.000
2.000
1.000
1.727
1.333
1.000
1.400
1.400
2.455
2.455
2.455
2.545
2.545
2.545
1.000
1.000
1.000
1.000
1.455
1.818
1.818
1.500
1.500
2.000
2.000
2.636
2.636
2.000
2.900
3.545
1.000
1.000
3.250
3.250
1.000
1.000
4.000
1.500
1.667
1.000
1.000
2.000
2.250
2.250
1.750
1.667
1.667
3.455
2.000
2.000
1.000
2.000
2.091
2.091
2.091
2.091
1.800
1.800
1.800
1.000
2.000
2.000
2.000
1.000
2.000
2.000
1.400
1.400
1.000
1.000
4.500
3.000
3.000
1.818
2.000
1.000
1.500
1.000
2.000
2.000
1.000
1.000
