64
41
42
40
30
20
43
53
26
53
59
46
47
29
50
41
40
52
32
46
57
30
26
32
33
44
68
28
64
39
53
23
31
32
53
35
37
51
30
45
48
47
33
43
30
37
51
40
25
38
45
40
51
22
44
37
43
47
35
46
59
63
47
35
58
43
42
45
42
48
26
30
50
41
31
48
57
27
49
46
40
47
63
54
57
54
37
47
41
24
50
43
35
49
60
49
52
34
31
30
37
71
42
50
50
41
46
30
32
44
44
39
39
23
32
35
37
37
30
30
45
48
48
48
48
33
43
30
30
45
45
45
45
44
44
37
46
63
35
58
43
43
48
49
46
40
63
54
54
37
41
50
43
43
35
34
54
28
43
42
40
23
36
27
44
51
46
35
35
44
29
49
53
48
36
31
31
42
37
27
38
52
46
40
40
56
40
30
33
45
42
43
25
33
52
39
46
32
27
58
26
26
22
44
22
60
49
44
32
42
33
38
47
12
38
54
34
42
40
44
32
41
28
51
40
55
25
54
46
41
32
43
38
24
47
48
31
26
63
51
31
42
53
44
38
36
33
33
57
27
27
41
46
40
42
34
29
33
44
47
41
47
26
27
44
31
51
48
38
30
38
50
48
27
39
62
47
44
51
25
38
42
50
37
30
28
36
51
51
44
44
44
29
29
29
53
53
53
53
38
52
52
46
46
40
40
30
30
33
32
27
58
58
26
26
60
60
32
42
33
38
42
44
41
41
51
40
40
25
46
32
47
31
26
26
26
26
63
63
63
53
44
38
27
46
40
29
44
44
26
26
27
44
44
31
38
38
47
51
25
25
42
37
