5	325.9726	371.7434	395.4926	629.4202	466.5251	681.1352	-99	-99	-99	-99	-99
6	197.1902	188.2969	327.0788	195.3108	145.6831	-99	-99	-99	-99	-99	-99
12	211.1104	105.4332	236.8674	73.08665	120.3257	4.624652	58.87638	27.97527	60.46577	0	114.5689
15	72.61698	36.62794	66.43149	90.13266	81.41392	55.96178	63.59001	-99	-99	-99	-99
16	-99	-99	-99	-99	-99	5.104578	51.9448	-99	-99	-99	-99
18	245.1764	238.1822	154.0591	181.1782	200.7314	220.9242	145.8942	211.5034	269.8881	236.1709	205.9039
19	-99	-99	-99	-99	-99	265.9424	361.4687	0	-99	-99	-99
22	54.29454	118.3964	110.2935	54.44432	123.1616	34.05772	91.5242	50.14879	29.0143	102.6833	65.30843
24	-99	-99	-99	-99	-99	-99	0	512.1071	272.4052	453.7385	435.5165
27	0	0	0	-99	-99	-99	0	-99	-99	0	0
29	0	9.622654	33.771	0	0	0	48.66537	0	0	0	0
33	0	-99	37.76522	77.26266	0	0	47.82733	0	0	0	0
35	-99	-99	-99	-99	-99	-99	-99	-99	376.5754	556.2523	84.73157
37	-99	-99	-99	-99	181.3562	-99	-99	134.9286	157.682	-99	-99
42	60.51446	127.9503	0	0	0	0	0	0	0	0	18.51616
43	35.4827	74.23386	58.44885	19.50083	48.15038	26.17575	-99	-99	-99	-99	-99
45	187.2576	215.7173	104.0261	264.0319	178.3379	185.4414	144.8135	97.48246	31.39278	45.70369	173.6018
46	-99	-99	13.27304	.4440223	2.40271	5.763887	.1445395	7.402444	10.09958	5.731138	-99
53	355.6193	544.4737	522.3824	365.5223	465.2961	-99	-99	-99	-99	-99	-99
55	-99	-99	137.2206	72.43053	-99	-99	-99	-99	-99	-99	-99
61	138.7347	0	21.41995	130.0903	83.472	27.96893	101.8941	0	0	41.91902	0
62	155.2484	110.4958	81.32948	95.62589	73.67558	40.90718	99.3699	145.4792	4.461081	0	73.34823
64	43.40776	-99	68.1907	30.51425	0	85.786	-99	-99	-99	-99	-99
67	0	0	0	0	0	0	0	0	0	0	0
68	50.08509	33.99274	58.89785	45.27687	34.74701	48.86372	58.46355	44.90973	13.75182	56.58821	57.98861
69	110.4252	132.4579	-99	-99	-99	-99	-99	-99	-99	-99	-99
70	-99	4.294466	-99	46.0181	11.20576	10.99661	29.41298	-99	-99	-99	-99
71	0	324.2875	381.657	686.1081	541.8455	139.2291	101.7888	535.1832	85.72675	-99	170.4513
72	-99	-99	-99	-99	58.44575	-99	74.5535	23.48538	189.3133	-99	-99
73	200.7882	0	88.58672	-99	-99	-99	-99	-99	-99	-99	-99
75	238.3974	114.657	236.6279	158.5712	217.5009	132.1175	248.3985	286.8523	165.8616	143.5855	360.1053
77	797.762	609.8658	482.4099	399.9119	367.8715	434.4276	611.3686	386.7173	541.7879	295.586	781.0908
78	-99	-99	167.8806	67.38245	102.2816	110.0778	110.3043	178.4825	35.749	268.8235	109.0738
79	-99	-99	-99	-99	-99	-99	0	113.091	241.3381	-99	-99
82	163.5502	0	236.4562	64.75024	129.3259	105.1961	257.8907	-99	-99	140.4478	-99
89	-99	-99	-99	-99	-99	-99	-99	-99	-99	0	55.68395
90	250.8584	303.1223	-99	312.4834	446.2564	-99	-99	-99	-99	-99	-99
92	260.3418	-99	-99	-99	217.0474	413.8551	369.5879	322.4809	-99	40.787	369.2023
94	-99	-99	-99	-99	64.08037	9.428681	37.7776	-99	-99	-99	-99
95	298.8479	98.314	213.3361	-99	-99	-99	-99	-99	-99	-99	-99
96	-99	-99	-99	-99	-99	-99	-99	0	0	-99	-99
99	204.1466	128.0856	142.2222	212.7941	171.955	64.86504	70.44202	140.3344	-99	-99	-99
102	136.0043	165.8008	160.6774	120.2994	56.03894	36.15658	118.111	61.22672	167.7028	104.6644	117.973
103	368.0642	46.63203	-99	424.4099	67.85733	-99	-99	-99	-99	-99	-99
105	-99	-99	-99	-99	-99	-99	0	43.67138	0	-99	0
106	-99	-99	-99	-99	-99	-99	-99	4.854337	188.9994	95.54651	184.0288
107	-99	-99	42.40261	67.11502	58.76571	51.08738	-99	-99	-99	-99	-99
113	583.9149	171.3204	1100.181	904.2252	1051.781	680.4581	867.4249	1185.742	874.2265	782.749	-99
116	24.18204	54.41508	6.499706	-99	-99	-99	-99	-99	-99	-99	-99
125	-99	-99	-99	0	99.58039	-99	-99	-99	-99	-99	-99
127	-99	79.93708	132.4536	78.61169	139.8243	86.30622	78.07709	109.6464	-99	-99	-99
128	128.2135	12.65071	204.3784	0	0	519.5774	-99	-99	-99	-99	-99
129	214.5515	109.6011	208.2608	194.9774	-99	-99	-99	-99	-99	-99	-99
130	377.2369	273.5533	376.4546	318.2073	331.9995	298.3141	380.148	470.834	185.4855	442.4644	334.5741
133	43.88656	-99	32.66367	64.2544	-99	-99	-99	-99	-99	-99	-99
136	27.76175	17.07171	7.147641	-99	-99	-99	-99	-99	-99	-99	-99
137	-99	-99	-99	62.34362	0	0	-99	-99	-99	-99	-99
139	140.3918	102.2179	111.2505	-99	115.6541	110.3136	112.5781	-99	-99	-99	-99
140	-99	8.56029	23.54224	-99	-99	-99	-99	-99	-99	-99	-99
142	50.40157	60.3056	84.49419	43.17626	36.41984	36.31502	54.3509	100.3828	-99	85.69978	81.80937
143	1326.947	-99	-99	-99	-99	-99	-99	-99	1057.438	-99	-99
144	62.17981	11.52075	38.61127	-99	-99	-99	-99	-99	-99	-99	-99
145	245.4138	116.2752	98.29453	-99	-99	-99	-99	-99	-99	-99	-99
146	85.4715	130.5792	79.92068	234.8651	165.1107	204.0682	91.52079	349.2232	-99	163.1322	-99
147	201.7745	271.4133	-99	-99	256.8143	241.1838	199.7649	-99	-99	-99	-99
148	0	0	39.57706	6.107985	0	0	0	0	0	0	0
149	-99	-99	-99	-99	-99	-99	-99	207.5415	262.8992	255.6142	-99
151	-99	17.69783	159.5561	187.3851	83.907	-99	-99	-99	-99	-99	-99
153	75.94196	-99	92.24787	-99	-99	-99	-99	-99	-99	-99	-99
154	-99	-99	-99	14.65577	5.928305	0	28.35283	25.39032	40.26047	5.905879	5.791714
156	-99	-99	-99	-99	-99	-99	-99	-99	0	45.6059	54.66755
157	-99	-99	0	51.7128	-99	-99	-99	-99	-99	-99	-99
158	-99	0	-99	-99	-99	-99	-99	-99	18.66299	13.68469	0
159	-99	358.1982	398.5611	-99	-99	-99	-99	-99	-99	-99	-99
160	51.11462	121.2818	122.4691	101.8042	51.42477	101.5102	118.8706	189.0613	-99	167.1532	-99
162	87.14735	525.9697	0	0	165.4631	144.2784	355.0599	4.347625	0	182.0549	150.4595
168	-99	-99	-99	-99	-99	-99	244.5039	473.4073	611.8815	379.6145	596.1957
169	-99	-99	-99	-99	-99	-99	-99	135.8232	51.69543	129.2546	52.74366
170	-99	-99	-99	-99	0	40.82466	83.39349	-99	-99	-99	-99
171	-99	-99	-99	-99	457.7825	268.1165	371.3391	411.3625	675.2439	466.3748	284.244
172	114.3868	71.88262	138.3715	158.8498	122.1377	114.0997	-99	-99	-99	-99	-99
179	184.4556	322.9157	245.6189	180.2888	128.0752	207.004	267.9295	-99	-99	-99	-99
184	-99	-99	-99	-99	-99	124.6935	43.06718	62.08066	65.35862	114.3419	137.0881
186	0	0	0	0	14.54911	0	21.72657	0	46.7067	0	6.547873
187	-99	-99	-99	-99	-99	-99	210.6859	20.49609	37.68752	-99	-99
193	-99	-99	-99	-99	-99	-99	99.21851	9.936958	-99	-99	-99
194	-99	-99	-99	-99	-99	90.80421	99.60139	-99	-99	-99	-99
196	-99	-99	82.95573	75.33063	55.86568	128.7958	110.2618	-99	-99	97.40565	-99
197	439.5031	519.5538	-99	-99	-99	-99	-99	-99	-99	-99	-99
198	-99	165.9746	300.7803	281.6378	429.4355	450.2709	241.6242	106.0515	-99	-99	-99
200	45.62867	6.401011	32.09708	-99	-99	-99	-99	-99	-99	-99	-99
206	-99	-99	-99	-99	25.08457	9.995058	33.45024	18.43372	42.10504	10.3242	25.68411
208	-99	-99	-99	-99	-99	472.7346	159.5356	-99	-99	-99	-99
211	-99	-99	51.39152	24.31445	-99	-99	-99	-99	-99	-99	-99
216	31.05503	7.107505	27.80827	4.047834	35.49123	22.47815	39.81583	16.21217	-99	-99	-99
217	-99	-99	-99	256.5931	112.6023	192.0778	215.5547	422.4356	146.0424	386.8917	204.6624
220	241.7688	293.4811	209.599	-99	-99	-99	-99	-99	-99	-99	-99
223	-99	-99	-99	-99	123.106	0	0	0	108.4936	0	-99
224	25.80471	51.6046	10.25325	33.90743	47.37054	0	0	0	74.91271	0	0
228	93.12527	165.3631	129.3857	212.1978	122.0883	109.7141	115.7377	47.16716	92.07922	-99	-99
229	-99	-99	-99	-99	-99	9.559098	0	-99	0	0	0
231	0	0	38.09546	0	0	-99	-99	-99	-99	-99	-99
234	199.9386	170.4627	68.55419	197.2338	168.7214	223.8424	255.6708	120.9408	241.3882	402.3301	135.5753
252	-99	-99	-99	-99	784.4374	-99	-99	26.84458	162.1012	-99	-99
253	-99	-99	-99	-99	-99	80.0283	66.29689	99.34644	92.21227	57.82764	-99
254	50.84661	0	-99	-99	-99	-99	-99	-99	-99	-99	-99
260	-99	-99	-99	-99	-99	124.9255	67.10335	173.1635	68.63077	65.56493	21.9167
261	-99	-99	-99	-99	-99	1521.44	81.48642	-99	-99	-99	-99
264	979.2796	700.2181	784.8494	709.5526	686.7659	325.1042	426.2053	551.5269	979.6342	479.8709	1038.971
265	101.7615	170.8392	77.26604	183.7881	229.203	296.4291	203.664	146.4907	114.2189	153.0534	239.545
266	165.0053	-99	249.7439	113.0603	509.0824	294.024	-99	-99	-99	-99	-99
267	-99	-99	-99	-99	-99	-99	36.31514	177.0703	-99	-99	-99
268	166.8217	43.59243	40.18832	86.52679	91.03184	89.45788	75.20812	92.33031	83.17606	85.04228	64.87623
271	-99	142.6954	-99	145.9988	243.7087	160.303	143.3927	-99	-99	-99	-99
272	-99	-99	-99	-99	10.92825	-99	20.09818	8.119067	13.17948	-99	-99
278	953.3457	-99	-99	619.213	1157.651	-99	-99	-99	-99	-99	-99
279	139.8424	222.7179	207.8281	195.925	342.7687	225.6376	87.01485	97.57446	173.0032	128.1699	265.209
280	-99	-99	-99	-99	0	11.6968	7.620985	-99	-99	-99	-99
283	-99	-99	0	4.254791	-99	-99	-99	-99	-99	-99	-99
284	721.1681	791.0828	689.9622	462.2959	1046.637	408.7559	1365.594	435.4564	376.0088	316.4317	571.0687
285	0	7.547769	22.4259	13.36811	7.766961	8.214291	195.3297	0	3.647024	68.5873	12.52012
286	105.7797	222.3779	-99	291.2672	261.0631	-99	-99	-99	-99	-99	-99
287	105.3348	44.92157	82.07812	21.06757	-99	-99	62.10731	89.07999	3.536659	58.95821	11.38498
288	-99	187.5966	138.2735	-99	-99	-99	-99	-99	-99	-99	-99
289	-99	-99	-99	-99	-99	-99	0	89.98708	-99	-99	-99
291	-99	46.08234	0	-99	-99	-99	-99	-99	-99	-99	-99
292	-99	-99	-99	-99	-99	143.6332	149.3191	66.10278	58.6342	46.59776	46.37728
293	63.97052	73.25076	-99	-99	-99	-99	-99	-99	-99	-99	-99
294	-99	-99	-99	-99	-99	-99	-99	-99	-99	33.91051	17.55476
305	-99	-99	-99	-99	-99	-99	-99	-99	548.3481	-99	834.79
306	-99	-99	-99	8.55127	32.19025	0	-99	-99	-99	-99	-99
307	741.7244	1216.717	706.951	-99	489.0807	641.5268	998.1669	-99	-99	-99	-99
308	33.88512	28.2766	36.6511	-99	34.42302	14.68352	29.51635	-99	-99	-99	-99
309	121.4194	85.90885	61.6242	-99	-99	-99	-99	-99	-99	-99	-99
310	113.6717	624.9506	114.1769	333.3674	229.1205	274.4337	101.1425	241.4868	-99	73.77263	-99
312	440.3065	265.4486	400.1102	164.6875	206.9603	143.8814	92.88331	11.96943	420.1074	348.3475	212.2321
318	-99	-99	-99	-99	-99	-99	409.29	255.6417	-99	-99	-99
319	53.11678	183.197	58.91399	87.13981	-99	-99	-99	-99	-99	-99	-99
320	-99	-99	-99	-99	-99	-99	-99	24.56074	0	44.14754	17.76875
321	-99	-99	-99	-99	32.94913	0	0	11.28227	22.2051	35.60775	0
322	314.5242	205.3683	376.3353	74.09681	159.6518	371.5626	-99	-99	-99	-99	-99
323	133.2399	142.0415	365.8824	417.7375	707.9865	-99	-99	-99	-99	-99	-99
327	1143.624	3178.06	1514.791	3470.026	749.7643	2265.31	2869.927	-99	-99	-99	-99
331	63.52065	42.87735	48.6053	79.85399	40.69086	56.29256	75.91486	28.20416	31.97839	55.10215	37.72221
332	0	139.2965	64.36959	0	249.8578	0	228.5723	214.0579	254.5757	11.70119	0
333	34.06723	65.68641	46.17013	61.41884	19.52412	0	28.64236	14.11534	0	60.75438	119.7271
338	23.01612	0	-99	-99	-99	-99	-99	-99	-99	-99	-99
339	6.595734	0	-99	-99	-99	-99	-99	-99	-99	-99	-99
340	137.9843	126.3424	-99	-99	-99	-99	-99	-99	-99	-99	-99
345	-99	0	65.02178	0	0	0	0	0	0	0	0
347	26.3118	73.6925	0	-99	1.551331	0	-99	-99	-99	-99	-99
350	-99	-99	-99	-99	0	0	0	0	-99	-99	-99
353	40.30528	0	67.10357	67.2034	52.64508	62.32794	89.84586	-99	-99	76.56966	-99
354	0	0	5.727839	20.06969	0	3.279789	16.71026	.8677697	3.914927	6.401963	0
356	-99	-99	-99	-99	-99	120.332	59.69019	-99	-99	-99	-99
361	-99	-99	-99	112.0077	99.92826	51.32836	68.50655	106.3881	94.04303	183.0028	139.9846
1	516.0844	597.1232	271.359	182.6801	405.5648	307.0591	483.5163	334.0957	606.6818	-99	-99
2	-99	91.34657	-99	159.3089	198.5352	179.2982	229.8154	127.5968	123.843	38.4919	129.5769
3	-99	-99	-99	-99	-99	0	498.1269	-99	0	43.27035	464.1049
4	515.4041	1204.553	-99	-99	-99	-99	-99	-99	-99	-99	-99
7	122.3252	238.7533	98.0432	0	329.6471	147.1715	185.9786	39.29398	337.4767	211.0925	165.4671
8	-99	-99	-99	-99	1156.794	1338.621	339.5844	251.0933	258.6205	0	0
9	272.5396	393.7147	435.4188	260.807	452.7969	440.3186	372.5645	208.713	-99	437.4272	538.5667
10	-99	-99	-99	-99	-99	-99	-99	-99	42.09459	0	0
11	-99	-99	-99	-99	-99	-99	-99	501.6109	187.6154	-99	-99
13	607.1997	142.3161	43.58403	503.8003	455.5099	653.4351	1124.12	1174.469	291.9294	1047.141	76.44099
14	605.658	677.4282	190.0463	626.0789	633.6411	338.8863	30.61775	186.3394	377.2984	275.9745	981.7241
17	394.7721	380.7447	599.564	310.0775	392.6016	517.1356	507.1052	484.238	717.2275	698.3386	501.0238
20	-99	-99	-99	127.4055	86.95298	121.2421	156.7099	56.80724	115.2208	133.1959	60.59835
21	1089.571	470.5654	-99	-99	-99	-99	661.2495	631.0963	-99	-99	-99
23	-99	870.5426	562.2896	-99	-99	-99	-99	-99	-99	-99	-99
25	-99	-99	-99	-99	-99	-99	279.2592	389.8004	-99	-99	-99
26	317.9637	399.0277	218.7654	234.2005	329.4154	108.8239	402.3705	325.6686	172.3822	407.7277	246.1114
28	-99	-99	-99	-99	-99	343.2121	624.6941	1042.527	80.68546	1330.204	720.8978
30	-99	-99	-99	-99	-99	3351.177	3771.645	-99	-99	-99	-99
31	0	0	-99	-99	-99	-99	-99	-99	-99	-99	-99
32	-99	-99	-99	1594.942	2359.264	761.2544	1116.513	1221.133	-99	-99	-99
34	-99	-99	1181.749	-99	-99	0	-99	-99	-99	-99	-99
36	-99	-99	-99	-99	-99	176.2925	521.4684	-99	-99	-99	-99
38	-99	-99	-99	-99	-99	3456.95	4863.405	4863.405	4863.405	4863.405	-99
39	32.7	0	0	0	-99	-99	-99	-99	-99	-99	-99
40	785.4324	552.248	1091.462	693.4978	554.9086	607.0986	1480.78	1101.767	1292.251	1142.594	712.9788
41	780.5543	263.8136	-99	-99	-99	-99	-99	-99	-99	-99	-99
44	352.8297	-99	-99	205.4663	1245.482	0	596.1362	44.79724	381.3198	0	344.0268
47	-99	-99	-99	-99	-99	486.6256	613.9152	-99	-99	-99	-99
48	-99	-99	-99	-99	-99	459.0441	1032.571	720.5255	752.2946	636.8386	868.0765
49	-99	-99	-99	-99	-99	0	95.87676	-99	-99	-99	-99
50	225.7895	0	41.27553	0	0	0	142.7836	0	0	0	-99
51	-99	-99	-99	502.4905	4.336826	1039.209	1589.691	113.4434	-99	-99	-99
52	4863.405	4863.405	4863.405	-99	-99	-99	-99	-99	-99	-99	-99
54	-99	-99	-99	-99	-99	-99	-99	-99	-99	3193.272	4863.405
56	-99	-99	-99	-99	-99	-99	-99	-99	-99	0	0
57	-99	-99	-99	1238.624	933.0002	1495.11	1275.249	2286.214	1492.641	1282.09	1190.617
58	-99	-99	1092.211	-99	-99	1086.684	-99	-99	-99	-99	-99
59	-99	186.8669	359.1006	-99	-99	-99	-99	-99	-99	-99	-99
60	-99	-99	-99	-99	-99	585.9664	190.4655	751.8196	-99	0	229.2359
63	434.3008	354.0313	252.9305	425.4724	348.5544	316.9824	686.0489	400.1193	796.7994	676.9291	-99
65	-99	-99	-99	-99	-99	-99	558.0119	414.2559	-99	-99	-99
66	-99	-99	-99	401.3324	1788.084	453.1692	1431.625	980.8873	898.814	1682.648	972.4185
74	-99	-99	-99	-99	-99	-99	0	561.2091	741.0518	-99	-99
76	-99	-99	-99	-99	0	0	0	-99	0	1396.162	0
80	-99	567.6764	633.5684	446.2988	-99	-99	-99	-99	-99	-99	-99
81	52.22773	-99	-99	9.151935	0	-99	-99	-99	-99	-99	-99
83	171.5259	121.9421	65.46991	126.5885	0	0	0	43.21305	0	20.91033	0
84	-99	-99	-99	-99	-99	3833.744	2375.981	4485.157	-99	1009.022	3600.203
85	-99	-99	-99	-99	-99	-99	-99	-99	-99	3480.761	2540.478
86	755.0447	711.9085	1077.944	510.2906	1128.405	1084.162	1008.978	857.3807	1372.916	627.1798	786.6866
87	3542.68	1600.063	1592.808	1360.655	1475.044	896.634	1315.375	2684.71	2050.938	2443.64	-99
88	104.4905	0	0	0	0	0	0	0	0	0	0
91	-99	-99	-99	-99	-99	-99	-99	-99	1321.605	225.7597	2780.579
93	51.70955	161.5052	0	130.5988	286.7593	88.86636	112.3748	134.869	0	143.7776	71.76376
97	1014.411	1371.396	1473.626	-99	-99	-99	-99	-99	-99	686.2857	-99
98	-99	-99	-99	-99	-99	-99	-99	913.0734	1038.059	845.7538	-99
100	1999.572	1111.86	1378.063	1126.47	365.251	1090.099	2629.341	1068.409	1486.118	982.7485	2404.158
101	-99	-99	178.1416	239.2933	-99	-99	-99	-99	-99	-99	-99
104	670.7324	573.5266	1205.737	889.7328	-99	-99	1044.713	494.1076	992.0859	1610.905	1131.385
108	-99	632.5803	766.1278	-99	-99	-99	-99	-99	-99	-99	-99
109	-99	-99	-99	-99	-99	-99	278.022	391.91	-99	-99	-99
110	134.4729	189.1315	0	109.6349	444.0257	510.3213	819.7864	94.33049	337.8942	279.8608	-99
111	-99	-99	-99	-99	-99	-99	1699.794	857.3192	-99	-99	-99
112	43.21246	7.46838	194.288	0	73.94692	0	132.7128	0	26.73908	318.8562	0
114	-99	-99	-99	25.61483	46.9206	-99	-99	-99	-99	-99	-99
115	283.0011	233.3448	320.0119	265.2426	318.8183	539.0535	392.7915	-99	-99	-99	-99
117	477.1543	267.657	422.2364	-99	-99	-99	-99	-99	-99	-99	-99
118	-99	74.09022	0	-99	-99	-99	-99	-99	-99	-99	-99
119	1598.266	480.6497	1371.513	964.3755	498.7787	445.8773	0	1540.399	0	722.4804	0
120	-99	-99	-99	-99	-99	297.3824	181.5152	442.4441	594.4926	339.3977	1163.673
121	78.57493	52.91052	-99	-99	-99	-99	-99	-99	-99	-99	-99
122	-99	-99	-99	-99	-99	-99	-99	-99	-99	604.6165	400.0503
123	-99	-99	-99	-99	-99	-99	-99	588.0452	856.7563	-99	-99
124	380.7179	295.5616	422.968	500.9677	514.0629	524.5244	636.0051	467.495	586.9185	414.682	843.7823
126	1207.519	661.0885	577.3257	710.7047	564.5987	1020.354	985.3533	452.8354	866.2635	993.8838	750.1411
131	1214.667	1620.367	2299.659	2123.955	2467.027	2394.16	2372.694	2144.772	2931.038	4227.057	3502.567
132	832.6453	-99	-99	-99	-99	1404.306	907.0947	-99	-99	-99	-99
134	-99	-99	0	0	6.281554	19.47248	145.5539	53.15925	-99	-99	-99
135	-99	-99	-99	-99	-99	-99	-99	-99	0	-99	330.3031
138	114.4267	321.1572	168.9403	308.503	842.1452	0	105.7844	372.9965	38.06011	344.8187	250.567
141	196.6338	0	1331.398	0	862.7436	0	3192.021	431.5764	321.4044	1960.794	0
150	44.03279	90.79451	70.11895	50.88026	79.68522	47.56378	79.65169	88.96352	88.60544	111.3692	163.3649
152	1072.262	686.0721	520.1689	1185.103	858.2076	836.5085	1661.741	1115.701	506.1252	1111.625	570.5027
155	-99	-99	951.6486	896.1666	373.0757	668.5815	-99	-99	-99	-99	-99
161	838.4796	1200.083	-99	-99	-99	-99	-99	-99	-99	-99	-99
163	-99	-99	-99	-99	-99	-99	482.505	288.7728	-99	-99	-99
164	301.1806	131.4209	75.81681	274.5917	257.8651	230.7417	508.0474	55.50106	233.1324	151.1971	44.9713
165	35.15188	698.0314	0	473.2483	-99	-99	-99	673.4857	769.1878	507.4117	-99
166	2575.672	3358.946	1578.141	2462.765	2197.481	926.022	2118.109	2465.669	1006.495	3587.293	2219.535
167	200.4897	216.8618	461.5575	195.5247	-99	-99	-99	-99	-99	-99	-99
173	296.0281	269.4348	0	37.45393	142.0635	372.8174	0	0	0	269.1961	0
174	306.218	359.5928	173.4444	360.339	181.7954	-99	-99	-99	-99	-99	-99
175	-99	-99	-99	-99	-99	-99	4863.405	-99	-99	4863.405	2144.475
176	-99	-99	-99	-99	-99	0	75.45422	5.272498	43.36566	139.6233	83.72152
177	226.1507	317.1525	269.2713	245.2271	224.3367	268.3116	323.9662	240.3692	377.8714	263.1006	171.5459
178	1546.08	548.5944	600.0924	937.0057	1362.641	649.0236	1252.385	309.531	1460.991	-99	-99
180	307.0713	244.7063	0	56.14584	49.15627	-99	-99	-99	-99	-99	-99
181	-99	-99	-99	615.9686	1584.073	908.5692	-99	-99	-99	-99	-99
182	-99	-99	-99	-99	4739.189	4863.405	4825.058	3576.795	4863.405	4863.405	4779.2
183	-99	-99	-99	-99	-99	-99	693.6028	-99	0	182.5743	826.6288
185	810.748	1364.985	914.7142	317.245	118.471	154.5199	747.4037	927.4534	1686.761	394.5922	1728.875
188	-99	-99	-99	234.5192	0	401.2899	165.2383	149.9408	-99	-99	-99
189	142.5912	56.60174	-99	-99	-99	-99	-99	-99	541.7518	-99	-99
190	-99	-99	-99	-99	-99	-99	-99	73.15257	0	0	-99
191	-99	-99	-99	-99	2101.58	4055.764	-99	-99	-99	-99	-99
192	-99	832.6315	667.1492	472.7332	710.0887	507.2436	1080.566	675.1491	839.7469	977.0624	652.8536
195	-99	400.5195	359.8199	395.8751	369.1294	342.3264	373.6856	437.3938	376.4037	-99	-99
199	-99	200.7705	152.5925	70.51942	373.5397	157.9159	0	215.3037	91.86913	263.4454	23.42546
201	611.0143	609.8705	446.4578	317.1721	298.4405	513.7928	304.5068	352.3934	-99	-99	-99
202	-99	-99	-99	-99	347.0737	337.0226	313.0986	635.1099	8.74244	1217.49	149.9319
203	182.8602	101.5111	259.9142	-99	361.0046	96.08835	-99	-99	-99	-99	-99
204	453.9155	581.1445	672.9294	956.0545	-99	-99	-99	-99	-99	-99	-99
205	-99	-99	-99	0	0	0	-99	145.5341	-99	-99	-99
207	-99	-99	-99	-99	134.3111	301.4506	185.0847	91.78417	-99	-99	-99
209	289.4435	73.39723	339.1716	325.3172	210.2789	216.1445	320.3011	-99	-99	313.2028	-99
210	215.2076	264.5494	261.8959	229.0033	180.6629	73.60099	310.8594	176.9603	153.3855	259.7843	249.0681
212	34.06425	0	0	148.5363	0	0	0	0	0	0	0
213	285.3876	672.2228	-99	-99	-99	532.9158	478.4192	-99	1092.582	-99	-99
214	1570.692	832.2103	1403.925	2076.452	2034.417	2102.622	2703.409	1990.649	2887.13	2377.203	2186.987
215	-99	-99	-99	-99	742.3765	341.9964	245.6561	489.0553	420.7129	-99	-99
218	-99	-99	-99	-99	-99	0	52.78561	-99	-99	-99	-99
219	-99	-99	394.3717	-99	1070.92	-99	-99	-99	-99	-99	-99
221	629.2488	121.3839	-99	-99	-99	-99	-99	-99	-99	-99	-99
222	0	0	-99	336.7898	488.3041	-99	0	0	-99	7.456142	-99
225	-99	-99	-99	-99	-99	-99	-99	-99	-99	0	0
226	-99	-99	-99	-99	-99	-99	357.5088	694.4339	1000.666	894.5579	2284.301
227	-99	-99	-99	205.4435	149.8585	187.0884	190.5354	200.3778	244.6199	175.7489	135.595
230	439.0201	501.1743	475.1632	396.4344	417.0824	686.0297	-99	-99	-99	-99	-99
232	439.5418	0	271.5849	43.95971	630.6268	131.3988	694.0227	6.199178	-99	319.484	240.0696
233	392.989	84.77528	312.6587	229.7396	799.8434	0	112.9664	606.1703	-99	498.999	441.1182
235	352.5491	318.4947	234.6993	500.9739	675.5493	430.0549	496.1048	402.4936	483.1705	652.2253	321.276
236	396.7861	283.8396	165.64	364.1309	257.9484	227.0835	565.7301	-99	-99	-99	-99
237	608.663	91.33012	768.5762	1158.506	444.3794	108.9213	1079.292	1889.471	1013.363	0	1253.005
238	2681.159	1462.075	1481.451	1995.625	2054.002	340.6728	1766.807	2618.775	4146.974	2879.167	3022.302
239	-99	4546.252	4863.405	-99	-99	-99	-99	-99	-99	-99	-99
240	709.4319	1228.838	568.7293	-99	-99	-99	1406.347	-99	-99	882.5714	793.4954
241	-99	-99	-99	-99	-99	218.4353	399.3157	306.0038	112.8319	121.0017	318.1879
242	0	0	0	0	0	111.3539	0	0	0	0	0
243	183.3377	223.5746	95.37242	118.3691	197.8387	131.8447	261.4658	293.0981	132.9999	142.7955	282.2817
244	559.8239	627.9492	296.7996	1101.266	982.5828	839.6158	1147.484	1107.559	341.4172	315.4902	1336.538
245	-99	-99	-99	-99	-99	706.6703	880.5902	-99	-99	-99	-99
246	-99	-99	-99	256.3034	329.442	162.3657	152.567	166.9019	-99	-99	-99
247	-99	-99	-99	0	160.9923	497.5033	1273.26	827.0621	-99	-99	-99
248	-99	-99	204.3276	-99	-99	119.7484	-99	-99	-99	-99	-99
249	-99	-99	-99	-99	-99	306.9586	404.44	-99	-99	-99	-99
250	-99	-99	-99	-99	-99	62.01954	18.39789	-99	-99	-99	-99
251	-99	-99	-99	-99	-99	323.4556	832.8522	-99	-99	-99	-99
255	460.5489	47.17888	175.7892	52.28931	163.9654	279.009	53.14463	307.0142	131.3269	49.02252	26.19997
256	192.3057	323.1408	527.6295	547.5164	563.603	558.0383	910.5926	515.1655	556.3158	615.5572	959.946
257	594.9485	539.0693	795.5557	522.061	890.84	435.8214	554.9872	998.0565	504.1431	1425.297	840.7509
258	336.748	460.5604	78.61109	191.8145	362.9898	284.0732	278.4903	483.354	471.2298	456.5287	1004.224
259	896.9741	554.4562	1069.157	1349.916	1285.737	1881.173	1262.304	1052.859	1180.361	2436.121	2678.981
262	-99	-99	-99	811.2065	776.3093	552.8839	694.9915	874.7194	-99	-99	-99
263	-99	-99	-99	-99	-99	-99	-99	-99	-99	1555.808	2118.854
269	691.8184	668.3381	1136.213	740.9637	1487.872	1282.505	1184.814	409.2397	1677.185	1792.276	1752.026
270	10.64439	74.93423	-99	-99	-99	-99	-99	-99	-99	-99	-99
273	-99	-99	-99	-99	-99	-99	1961.391	2871.024	2016.55	-99	-99
274	-99	-99	-99	-99	-99	-99	4099.383	965.1981	3053.912	-99	-99
275	402.606	383.4539	456.8597	423.6191	356.6357	230.9767	496.3051	356.2991	924.0609	317.8272	652.4127
276	-99	-99	0	56.4154	0	272.61	0	0	0	17.722	0
277	-99	-99	436.6606	377.8084	409.8798	236.2781	373.8007	197.6405	335.249	262.5484	688.5933
281	-99	-99	-99	-99	-99	-99	-99	0	706.6255	-99	-99
282	110.3974	27.81925	62.53409	90.08472	31.76331	106.6583	100.3724	0	-99	-99	-99
290	-99	-99	-99	-99	-99	-99	755.5155	730.962	-99	-99	-99
295	880.0588	669.9962	1555.998	460.9244	100.7004	0	944.3823	27.43762	514.4321	1125.376	1378.98
296	-99	-99	-99	1049.202	1286.15	-99	-99	-99	-99	-99	-99
297	154.0874	150.3	125.0297	153.2038	0	0	26.26435	60.13829	114.982	0	0
298	-99	95.11246	430.1443	255.2641	0	362.6431	391.4968	239.515	-99	-99	-99
299	852.7834	322.7184	152.8728	123.8765	192.8525	610.4423	-99	-99	-99	-99	-99
300	0	0	0	0	0	0	-99	-99	-99	-99	-99
301	231.6472	242.6602	305.7862	100.8546	-99	-99	-99	-99	-99	-99	-99
302	1203.37	-99	-99	-99	-99	605.7112	897.0732	-99	-99	-99	-99
303	232.6146	-99	14.91112	187.4705	-99	-99	-99	-99	-99	-99	-99
304	-99	-99	-99	-99	-99	-99	-99	-99	19.65954	-99	165.7197
311	133.3179	92.98438	46.85393	132.3868	56.71354	17.59587	153.2296	89.39362	0	0	28.35609
313	1673.417	-99	1450.93	-99	-99	-99	-99	-99	-99	-99	-99
314	-99	-99	-99	145.4876	565.4019	962.7692	432.2068	608.1115	121.3263	834.0342	223.8874
315	-99	2160.963	3850.201	-99	-99	-99	-99	-99	-99	-99	-99
316	814.6536	533.0829	-99	-99	-99	-99	-99	-99	-99	-99	-99
317	469.2015	917.7568	699.0339	219.6573	231.8893	737.9928	325.1247	1350.986	971.904	531.2038	527.4741
324	297.8607	485.5748	255.4851	472.8405	821.2797	-99	-99	-99	-99	-99	-99
325	616.8495	1240.967	419.5805	740.1754	1210.613	1199.477	907.2896	545.3087	814.2451	739.717	1293.409
326	71.28599	140.7233	187.9048	132.948	234.0874	202.1004	254.9002	74.14195	259.0489	-99	-99
328	2542.904	2203.333	1027.327	1079.975	1717.5	2127.439	3535.977	-99	-99	-99	-99
329	0	0	82.76963	0	0	-99	-99	-99	-99	-99	-99
330	-99	-99	-99	-99	308.6197	91.35818	0	0	0	205.2265	805.0638
334	202.1652	332.0054	-99	-99	-99	-99	-99	-99	302.0623	-99	-99
335	-99	98.5546	70.80536	0	0	7.601675	18.28663	88.08377	589.0992	0	44.23254
336	-99	-99	-99	-99	-99	0	12.59843	-99	-99	-99	-99
337	581.5247	352.998	-99	-99	-99	-99	-99	-99	-99	-99	-99
341	244.0522	121.2456	-99	-99	-99	-99	-99	-99	-99	-99	-99
342	-99	63.14191	155.8667	224.9413	28.96408	75.96177	131.6756	141.7399	111.2246	286.2408	200.2198
343	-99	88.71223	37.94698	34.09686	49.68626	52.49273	15.12776	184.9151	54.16465	140.2496	126.6502
344	-99	151.4971	135.0021	201.3156	110.7138	189.6245	168.4874	190.394	0	13.75688	261.571
346	-99	-99	-99	-99	1546.245	615.5491	2046.449	3142.572	1960.155	1412.861	2690.147
348	562.9222	578.6625	784.6359	-99	857.8945	1085.094	-99	-99	-99	-99	-99
349	-99	-99	-99	-99	92.98183	344.9687	312.1592	719.4699	742.8398	597.5438	804.5865
351	-99	-99	-99	-99	0	128.4086	118.5973	126.9094	-99	-99	-99
352	-99	-99	-99	-99	0	0	115.3249	90.07638	-99	-99	-99
355	99.0237	295.9626	418.4072	224.0588	237.8505	264.6424	282.0641	385.8732	580.7889	651.9565	339.0339
357	-99	-99	1090.258	-99	294.9262	-99	-99	-99	-99	-99	-99
358	221.3478	201.954	-99	-99	-99	-99	-99	-99	-99	-99	-99
359	-99	-99	-99	-99	778.723	454.7034	0	150.6099	0	880.6124	-99
360	-99	-99	-99	-99	428.3928	0	0	0	0	0	-99
362	-99	-99	-99	2199.245	1879.077	1996.252	1264.715	2029.082	1338.324	1706.738	1913.404
363	-99	-99	-99	98.53546	79.57545	215.5102	222.4271	154.1022	280.293	0	0
